D=[2115
1472
7333
];